2.220000000000000000e+02,4.928400000000000000e+04,4.800000000000000000e+02,2.304000000000000000e+05,-1.460000000000000000e+02,2.131600000000000000e+04
2.860000000000000000e+02,8.179600000000000000e+04,4.000000000000000000e+02,1.600000000000000000e+05,-1.460000000000000000e+02,2.131600000000000000e+04
2.690000000000000000e+02,7.236100000000000000e+04,3.920000000000000000e+02,1.536640000000000000e+05,-1.460000000000000000e+02,2.131600000000000000e+04
2.860000000000000000e+02,8.179600000000000000e+04,3.240000000000000000e+02,1.049760000000000000e+05,-1.460000000000000000e+02,2.131600000000000000e+04
2.690000000000000000e+02,7.236100000000000000e+04,3.160000000000000000e+02,9.985600000000000000e+04,-1.460000000000000000e+02,2.131600000000000000e+04
2.860000000000000000e+02,8.179600000000000000e+04,2.480000000000000000e+02,6.150400000000000000e+04,-1.460000000000000000e+02,2.131600000000000000e+04
2.690000000000000000e+02,7.236100000000000000e+04,2.400000000000000000e+02,5.760000000000000000e+04,-1.460000000000000000e+02,2.131600000000000000e+04
2.860000000000000000e+02,8.179600000000000000e+04,1.720000000000000000e+02,2.958400000000000000e+04,-1.460000000000000000e+02,2.131600000000000000e+04
2.620000000000000000e+02,6.864400000000000000e+04,1.600000000000000000e+02,2.560000000000000000e+04,-1.460000000000000000e+02,2.131600000000000000e+04
2.560000000000000000e+02,6.553600000000000000e+04,1.120000000000000000e+02,1.254400000000000000e+04,-1.460000000000000000e+02,2.131600000000000000e+04
2.390000000000000000e+02,5.712100000000000000e+04,1.040000000000000000e+02,1.081600000000000000e+04,-1.460000000000000000e+02,2.131600000000000000e+04
2.210000000000000000e+02,4.884100000000000000e+04,5.600000000000000000e+01,3.136000000000000000e+03,-1.460000000000000000e+02,2.131600000000000000e+04
2.040000000000000000e+02,4.161600000000000000e+04,4.800000000000000000e+01,2.304000000000000000e+03,-1.460000000000000000e+02,2.131600000000000000e+04
2.610000000000000000e+02,6.812100000000000000e+04,-3.600000000000000000e+01,1.296000000000000000e+03,-1.460000000000000000e+02,2.131600000000000000e+04
2.440000000000000000e+02,5.953600000000000000e+04,-4.400000000000000000e+01,1.936000000000000000e+03,-1.460000000000000000e+02,2.131600000000000000e+04
2.310000000000000000e+02,5.336100000000000000e+04,4.800000000000000000e+01,2.304000000000000000e+03,-1.350000000000000000e+02,1.822500000000000000e+04
2.070000000000000000e+02,4.284900000000000000e+04,3.600000000000000000e+01,1.296000000000000000e+03,-1.350000000000000000e+02,1.822500000000000000e+04
2.710000000000000000e+02,7.344100000000000000e+04,-4.400000000000000000e+01,1.936000000000000000e+03,-1.350000000000000000e+02,1.822500000000000000e+04
2.540000000000000000e+02,6.451600000000000000e+04,-5.200000000000000000e+01,2.704000000000000000e+03,-1.350000000000000000e+02,1.822500000000000000e+04
2.470000000000000000e+02,6.100900000000000000e+04,4.200000000000000000e+01,1.764000000000000000e+03,-1.220000000000000000e+02,1.488400000000000000e+04
2.230000000000000000e+02,4.972900000000000000e+04,3.000000000000000000e+01,9.000000000000000000e+02,-1.220000000000000000e+02,1.488400000000000000e+04
2.670000000000000000e+02,7.128900000000000000e+04,-4.200000000000000000e+01,1.764000000000000000e+03,-1.220000000000000000e+02,1.488400000000000000e+04
2.500000000000000000e+02,6.250000000000000000e+04,-5.000000000000000000e+01,2.500000000000000000e+03,-1.220000000000000000e+02,1.488400000000000000e+04
2.370000000000000000e+02,5.616900000000000000e+04,4.200000000000000000e+01,1.764000000000000000e+03,-1.410000000000000000e+02,1.988100000000000000e+04
2.130000000000000000e+02,4.536900000000000000e+04,3.000000000000000000e+01,9.000000000000000000e+02,-1.410000000000000000e+02,1.988100000000000000e+04
2.200000000000000000e+02,4.840000000000000000e+04,-2.600000000000000000e+01,6.760000000000000000e+02,-1.410000000000000000e+02,1.988100000000000000e+04
2.030000000000000000e+02,4.120900000000000000e+04,-3.400000000000000000e+01,1.156000000000000000e+03,-1.410000000000000000e+02,1.988100000000000000e+04
1.900000000000000000e+02,3.610000000000000000e+04,6.600000000000000000e+01,4.356000000000000000e+03,-1.770000000000000000e+02,3.132900000000000000e+04
1.730000000000000000e+02,2.992900000000000000e+04,5.800000000000000000e+01,3.364000000000000000e+03,-1.770000000000000000e+02,3.132900000000000000e+04
2.800000000000000000e+02,7.840000000000000000e+04,-4.600000000000000000e+01,2.116000000000000000e+03,-1.770000000000000000e+02,3.132900000000000000e+04
2.560000000000000000e+02,6.553600000000000000e+04,8.600000000000000000e+01,7.396000000000000000e+03,-1.020000000000000000e+02,1.040400000000000000e+04
2.800000000000000000e+02,7.840000000000000000e+04,2.200000000000000000e+01,4.840000000000000000e+02,-1.020000000000000000e+02,1.040400000000000000e+04
2.560000000000000000e+02,6.553600000000000000e+04,1.000000000000000000e+01,1.000000000000000000e+02,-1.020000000000000000e+02,1.040400000000000000e+04
2.410000000000000000e+02,5.808100000000000000e+04,-3.000000000000000000e+01,9.000000000000000000e+02,-1.020000000000000000e+02,1.040400000000000000e+04
2.240000000000000000e+02,5.017600000000000000e+04,-3.800000000000000000e+01,1.444000000000000000e+03,-1.020000000000000000e+02,1.040400000000000000e+04
1.970000000000000000e+02,3.880900000000000000e+04,7.800000000000000000e+01,6.084000000000000000e+03,-1.780000000000000000e+02,3.168400000000000000e+04
1.880000000000000000e+02,3.534400000000000000e+04,7.400000000000000000e+01,5.476000000000000000e+03,-1.780000000000000000e+02,3.168400000000000000e+04
2.070000000000000000e+02,4.284900000000000000e+04,-2.000000000000000000e+00,4.000000000000000000e+00,-1.780000000000000000e+02,3.168400000000000000e+04
1.900000000000000000e+02,3.610000000000000000e+04,-1.000000000000000000e+01,1.000000000000000000e+02,-1.780000000000000000e+02,3.168400000000000000e+04
1.650000000000000000e+02,2.722500000000000000e+04,-5.000000000000000000e+01,2.500000000000000000e+03,-1.780000000000000000e+02,3.168400000000000000e+04
1.480000000000000000e+02,2.190400000000000000e+04,8.600000000000000000e+01,7.396000000000000000e+03,-2.010000000000000000e+02,4.040100000000000000e+04
